0:
25.1 66 0
26.3 65 0
27.2 60 0
27.9 59 0
27.6 55 0
23.7 74 0.6
24.4 69 0.8
21.6 83 5.6
1:
24.5 59 0
24.9 59 0
25.2 60 0
26 58 0
25.8 60 0
26 57 0
22.9 76 0
20.7 93 8
2:
20.5 95 0
21.2 85 0
21.6 86 0.2
24.4 75 0
25.5 68 0
25.9 65 0
26.8 61 0
19.1 84 7
3:
21.2 85 0
21.6 86 0.2
24.4 75 0
25.5 68 0
25.9 65 0
26.8 61 0
19.1 84 7
18.5 93 12.2
4:
27 52 0
27.5 48 0
28.1 49 0
29 40 0
30.1 40 0
26.6 64 0
25.3 70 0
20.1 95 33.6
5:
25.5 63 0
26.9 59 0
28 53 0
29.4 46 0
30.6 41 0
30.4 41 0
29.1 43 0
22.4 84 17.8
6:
31.7 42 0
31.2 39 0
31.8 35 0
32.3 32 0
29.8 42 0
30.3 41 0
25.9 73 0
19.9 90 5.8
7:
23.3 77 0
21.1 82 0.4
21.1 86 0.6
21.2 90 0.6
20.5 91 1.4
20.3 92 0
20.1 94 3.2
19.5 94 5.6
8:
22.7 75 0
22.8 74 0
22.7 72 0
22.2 76 0
21.4 83 0
21 85 0
19.3 91 0.2
17.6 94 5.8
9:
23.4 66 0
25.2 60 0
27.5 55 0
28.1 52 0
27.7 50 0
25.7 62 0
22 82 1.4
18 87 8.6
10:
22.2 72 0
22.2 70 0
22.3 72 0.6
20.3 86 1.4
23.8 65 0
22.9 71 0
20.3 83 2.6
18.5 95 28.4
11:
19 96 1.6
18.9 96 0.6
18.9 96 0.2
18.7 96 0.2
18.4 96 0.2
18.3 96 0.6
18.1 96 2.2
17.8 96 5.8
12:
19 79 0
20.3 75 0
21.5 59 0
22.8 58 0
24 52 0
24.9 49 0
23.4 61 0
19.8 88 6.2
13:
25.9 53 0
27.2 48 0
26.9 47 0
25.6 60 0
24.8 57 0
26.7 55 0
25.2 61 0
17.2 94 15.8
14:
19.5 95 0.4
20.4 94 0.4
21.3 87 0.4
21.6 83 0.2
20.4 85 0.4
21.7 84 0.2
22.3 71 0
19.7 92 12.8
15:
19.4 96 1
22.4 91 0.2
23.9 70 0
23 75 1
24.8 66 0
25 65 0
24.7 70 0
21 93 5
16:
25.9 67 0
26 64 0
25.6 67 0
24.8 71 0
24.8 70 0
22.8 78 0
20.9 88 4.4
20.3 96 6.4
17:
21 82 0
22.1 73 0
23.9 67 0
24.3 65 0
24.4 67 0
26.1 61 0
26.7 56 0
16.7 94 18.6
18:
22.8 75 0
24.1 69 0
25.6 64 0
26.1 62 0
27.4 58 0
27.5 54 0
28.3 54 0
19.6 89 11.2
19:
26.1 62 0
27.4 58 0
27.5 54 0
28.3 54 0
19.6 89 11.2
20.5 92 0.4
20.7 94 3.8
19.4 96 21.2
20:
27.4 58 0
27.5 54 0
28.3 54 0
19.6 89 11.2
20.5 92 0.4
20.7 94 3.8
19.4 96 21.2
19.3 97 6.2
21:
21.4 76 0
20.6 80 0
19.9 81 0
19.7 83 0
19.2 89 0.4
19.2 93 0
19.2 93 0
18.6 94 6
22:
20.6 80 0
19.9 81 0
19.7 83 0
19.2 89 0.4
19.2 93 0
19.2 93 0
18.6 94 6
18.5 96 6.6
23:
19 97 0
19.8 94 0
21.2 80 0
21.8 77 0
24.6 66 0
24.4 65 0
21.1 78 0.2
18.7 94 8.4
24:
23.3 65 0
24.8 60 0
26 53 0
24.5 57 0
25.5 60 0
25.9 50 0
22.7 71 0.6
19.5 87 8.4
25:
26 49 0
24.1 70 0
22.3 76 0
21.7 81 0
21.1 78 0
21 84 0
20.8 85 0
17.7 95 14.6
26:
22.3 70 0
23.3 66 0
24 61 0
25.7 60 0
25.2 61 0
25.1 58 0
20.6 75 0
18.9 91 10.4
27:
18.9 93 0
20.3 90 0
21 84 0
23.8 74 0
24.6 68 0
24.5 68 0
21.9 82 0.8
19.3 94 9
28:
24.2 60 0
25.3 59 0
26.4 50 0
25.8 52 0
25.9 51 0
24.9 64 0
22.7 76 0
19.7 95 23
29:
22.4 73 0
19.5 87 1.8
18.6 95 3
18.5 96 0.8
18.4 96 0
18.2 96 0
18.3 96 0.8
18.4 97 5.4
30:
19.2 88 0
19.4 84 0.2
20.2 79 0
19.6 87 0.6
18.8 86 0.2
17.8 95 0.8
17.5 95 0.2
16.8 96 6
31:
23.2 79 0.6
23.5 78 0
22.7 80 0
22.6 82 0
22.6 81 0
22.3 81 0.2
21.6 87 0.2
18.7 90 5.8
32:
17.9 94 0.2
17.7 90 0
17.5 85 0
16.3 77 0
16.3 81 0
16.5 82 0
15.8 91 2.4
15.6 95 5.4
33:
17.7 90 0
17.5 85 0
16.3 77 0
16.3 81 0
16.5 82 0
15.8 91 2.4
15.6 95 5.4
15.7 96 6
34:
17.5 85 0
16.3 77 0
16.3 81 0
16.5 82 0
15.8 91 2.4
15.6 95 5.4
15.7 96 6
15.4 97 5.6
35:
15.4 97 5.6
15 97 4
14.7 97 0
15.1 97 0.2
15.5 97 0
15.9 97 0.4
16.4 97 2.4
16.7 97 5.4
36:
21 69 0
20.3 72 0
20 75 0
19.7 78 0
19.4 81 0
18.7 88 0.8
18.2 95 3
15.9 97 13.2
37:
20.3 72 0
20 75 0
19.7 78 0
19.4 81 0
18.7 88 0.8
18.2 95 3
15.9 97 13.2
15.6 97 8.8
38:
20 75 0
19.7 78 0
19.4 81 0
18.7 88 0.8
18.2 95 3
15.9 97 13.2
15.6 97 8.8
15.3 98 7.2
39:
14.5 97 0
14.5 97 0
14.5 97 0
14.5 97 0
14.8 97 0.6
14.5 97 1.6
14.2 97 4
14.5 98 5.2
40:
17.5 97 0
17.4 97 1.4
17.3 97 2.2
17.3 98 2.8
17.3 98 1
17.3 98 0.2
17.2 98 4.6
17 98 5.4
41:
18 98 0
20.6 94 0
21.9 76 0
23.2 71 0
23.4 70 0
23.3 68 0
18.9 72 0.2
16.4 95 7
42:
25.5 48 0
25.1 46 0
24.4 48 0
23.2 54 0
22.7 58 0
20.9 70 0
20.9 69 0
17.5 96 5.6
43:
11.7 82 0
11.6 87 0.8
12 89 0.4
12.4 91 0.2
12.1 95 1.4
12.1 96 2.2
11.7 97 4.4
11.4 97 5.6
44:
22.5 60 0
21.9 64 0
21.4 67 0
21 70 0
19.1 84 1.2
15 89 0
13.6 96 3.8
12.5 96 6.2
45:
15.6 95 0.2
15.5 95 0.2
15.5 96 1.2
15.4 97 1.2
15.1 97 0
15.1 98 1.4
15 98 4
14.9 98 6.4
46:
15.5 95 0.2
15.5 96 1.2
15.4 97 1.2
15.1 97 0
15.1 98 1.4
15 98 4
14.9 98 6.4
14.1 98 8
47:
19 63 0
20.6 60 0
20.5 58 0
19.7 61 0
19.5 63 0
18.5 71 0
17.8 77 0
13.9 95 8
48:
20.6 60 0
20.5 58 0
19.7 61 0
19.5 63 0
18.5 71 0
17.8 77 0
13.9 95 8
13.1 98 16.6
49:
19.2 82 0
18.7 83 0
17.9 90 0
17.6 95 0
16.8 96 0
16.2 96 0.2
16.3 97 3.2
15 93 6.8
50:
18.7 83 0
17.9 90 0
17.6 95 0
16.8 96 0
16.2 96 0.2
16.3 97 3.2
15 93 6.8
14.5 97 5.4
51:
19.1 63 0
18.8 65 0
18.9 64 0
18.6 66 0
19.5 61 0
19.2 63 0
14.7 91 2
13.6 96 5.8
52:
18.8 65 0
18.9 64 0
18.6 66 0
19.5 61 0
19.2 63 0
14.7 91 2
13.6 96 5.8
13.2 96 5
53:
16.2 88 0
16.3 88 0
16.4 88 0
16.1 88 0
15.6 95 0.2
15.4 96 0
15.4 97 0.2
12.2 88 8.2
54:
19.9 78 0
18.8 86 0.2
18.7 88 0.2
17 91 2.8
16.6 94 0.2
16.2 93 0
16.8 82 0.4
14.8 95 7
55:
21.6 60 0
22 64 0
23.1 59 0
23 59 0
25.1 54 0
25.4 56 0
25.6 59 0
18.4 88 6.8
56:
29.7 49 0
27.7 57 0
27.1 61 0
26.4 59 0
24 68 0
22.6 67 0
20.4 92 0.4
18 96 18
57:
27.7 57 0
27.1 61 0
26.4 59 0
24 68 0
22.6 67 0
20.4 92 0.4
18 96 18
17.4 98 9.4
58:
27.1 61 0
26.4 59 0
24 68 0
22.6 67 0
20.4 92 0.4
18 96 18
17.4 98 9.4
16.8 98 7.8
59:
20 84 0.2
19.9 85 0.4
19.9 82 0
20 75 0
19.5 80 0
18.8 84 0.2
18.5 91 0.2
16.9 97 8
60:
18 83 0.2
17.2 89 0.4
16.2 95 2.8
16.2 96 0.2
15.9 96 0.2
16.2 96 0
16.4 90 0.8
16.1 96 6
61:
20.2 86 0
22.4 76 0
23.5 72 0
24.4 71 0
28.9 55 0
29.6 48 0
30.9 47 0
19.2 96 15.8
62:
22.4 76 0
23.5 72 0
24.4 71 0
28.9 55 0
29.6 48 0
30.9 47 0
19.2 96 15.8
19.6 96 10.6
63:
24.4 71 0
28.9 55 0
29.6 48 0
30.9 47 0
19.2 96 15.8
19.6 96 10.6
20 96 2.4
19.6 97 11
64:
17.9 89 0
17.9 96 0
18.3 95 0
18.4 92 0
18.8 91 0
19.9 90 0.2
18.5 96 0.2
15.9 99 30.4
65:
17.9 96 0
18.3 95 0
18.4 92 0
18.8 91 0
19.9 90 0.2
18.5 96 0.2
15.9 99 30.4
16.1 99 8
66:
14.8 99 0
16 92 0
17 86 0
17.8 82 0
18.2 82 0
19 80 0
19.1 79 0
17.6 89 5.8
67:
17.3 98 0.2
17.6 98 0.2
17.9 97 0.4
18.1 97 0.2
18 97 0.4
17.9 98 2.8
17.9 97 2
17 98 8.2
68:
22.4 72 0
23.2 71 0
23.3 72 0
23.2 73 0
20.4 86 0
19.2 93 0
18.6 94 0
16.8 99 13.4
69:
24.3 75 0
21.9 83 0
20.6 93 0
21 90 0
20.2 96 0
20.1 96 0
19.3 97 3.6
18.7 98 12.6
70:
20.1 85 0
21.9 78 0
23.9 70 0
24.8 67 0.2
25.1 62 0
25.9 61 0
23.7 71 0
19.7 97 26.6
71:
21.9 78 0
23.9 70 0
24.8 67 0.2
25.1 62 0
25.9 61 0
23.7 71 0
19.7 97 26.6
19.1 97 5.4
72:
25.8 59 0
26.8 54 0
27.6 53 0
27.2 58 0
28.2 54 0
28.5 54 0
26.1 61 0
22.7 76 8.4
73:
15.6 87 0
15.8 88 0
16.4 84 0
16.8 84 0
18.1 79 0
18.5 78 0
19.6 74 0
17.1 97 23
74:
16.8 84 0
18.1 79 0
18.5 78 0
19.6 74 0
17.1 97 23
17.8 97 1.4
18 97 0
17.6 97 5.8
75:
18 97 0
17.6 97 5.8
17.6 97 0
18 96 0
18 95 0.2
17.7 95 1.4
17.7 95 0
17.4 95 12.4
76:
20.5 81 0
21.9 73 0
21.8 72 0
20.8 75 0.2
20.1 80 0
19.1 89 0
17.8 96 3
16.6 97 9.2
77:
18.3 85 0.2
17.7 87 0.4
17.1 86 0
16.2 92 0
15.8 92 0.4
14.7 97 4.2
13.9 94 1
13.7 97 5.4
78:
20.9 75 0
23 70 0
22.6 71 0.2
23.1 71 0
23.2 71 0
23.2 70 0
20.5 86 2
20.1 98 7.8
79:
20.1 81 0
21.7 73 0
22.6 71 0
23.5 69 0.2
23.5 70 0
23 74 0
21.3 80 0
19.8 96 6.4
80:
17.3 97 2.2
17.9 96 0.6
17.9 92 0.6
17.4 96 1
17.4 96 2.4
17.3 95 1
17.1 97 1.6
16.3 97 8.8
81:
22.5 79 0
22.6 80 0
22.3 78 0
22 79 0
21.6 81 0
22 80 0
20.2 85 0.6
19.5 96 11.2
82:
21.1 70 0
22 67 0
21.9 69 0
22.3 74 0.4
22.9 69 0
23.6 62 0
20.2 83 1.6
19.4 95 12.6
83:
25.7 56 0
25.7 59 0
27 57 0
26.7 61 0.2
27.6 56 0
23.7 68 0
19.9 94 4.2
19 96 6
84:
18.9 98 0
19.1 98 0
19.1 98 0
19.2 98 0
19.5 97 0
19.6 96 0
19.2 98 4.2
18.9 98 9.2
85:
19.1 98 0
19.1 98 0
19.2 98 0
19.5 97 0
19.6 96 0
19.2 98 4.2
18.9 98 9.2
18.5 97 5.4
86:
25.4 69 0
27.3 58 0
27.7 57 0
28.5 56 0
29.2 54 0
29.9 49 0
24.8 72 3.2
19.9 96 15.2
87:
27.3 58 0
27.7 57 0
28.5 56 0
29.2 54 0
29.9 49 0
24.8 72 3.2
19.9 96 15.2
19.8 98 23.8
88:
28.5 56 0
29.2 54 0
29.9 49 0
24.8 72 3.2
19.9 96 15.2
19.8 98 23.8
20.1 98 4.8
20.1 98 6
89:
29.2 54 0
29.9 49 0
24.8 72 3.2
19.9 96 15.2
19.8 98 23.8
20.1 98 4.8
20.1 98 6
20.4 98 5.8
90:
22.3 84 0
23.5 79 0
24.3 74 0
25.8 69 0
26.5 64 0
26.2 63 0
24.7 77 3
21.4 98 38
91:
23.5 79 0
24.3 74 0
25.8 69 0
26.5 64 0
26.2 63 0
24.7 77 3
21.4 98 38
21 97 7
92:
22.8 77 0
21.1 94 1.2
22.1 87 0.2
23.9 74 0
22 78 0
23.6 75 0
21.7 77 0.4
19.6 97 14.6
93:
25.8 67 0
25.6 67 0
25.4 68 0
25.1 69 0
22.5 90 0
21.6 92 0.2
20.8 96 2.4
19.5 98 14
94:
25.6 67 0
25.4 68 0
25.1 69 0
22.5 90 0
21.6 92 0.2
20.8 96 2.4
19.5 98 14
19.7 98 5
95:
21.6 92 0.2
20.8 96 2.4
19.5 98 14
19.7 98 5
19.7 98 1.2
19.6 98 1.6
19.6 98 1.6
19.4 98 8.8
96:
19.5 98 2.2
19.6 98 1
19.7 98 3.8
19.9 98 2.2
19.8 98 2.2
19.8 98 3.6
20.2 98 2.2
19.9 98 8
97:
19.8 98 2.2
19.8 98 3.6
20.2 98 2.2
19.9 98 8
20.8 98 2
21.1 97 1.2
21.9 96 0.8
21.5 97 5
98:
19.8 98 3.6
20.2 98 2.2
19.9 98 8
20.8 98 2
21.1 97 1.2
21.9 96 0.8
21.5 97 5
22.6 96 8.4
99:
25.9 69 0
26.7 63 0
24.4 72 0
24.7 73 0
25.2 71 0
24.2 76 0.2
23.5 81 0
20.7 97 13.4
100:
24.2 76 0.2
23.5 81 0
20.7 97 13.4
20.4 97 2.4
20.8 97 1
21.1 97 1
20.6 97 1.8
20.1 98 5.4
101:
23.5 81 0
20.7 97 13.4
20.4 97 2.4
20.8 97 1
21.1 97 1
20.6 97 1.8
20.1 98 5.4
20.2 98 5.2
102:
19.8 85 0
19.8 85 0
19.9 85 0
19.6 86 0
19.8 85 0
19.9 87 0
20.1 86 0
19.8 99 7.2
103:
19.9 85 0
19.6 86 0
19.8 85 0
19.9 87 0
20.1 86 0
19.8 99 7.2
20.3 97 0
19.7 98 5.2
104:
19.6 86 0
19.8 85 0
19.9 87 0
20.1 86 0
19.8 99 7.2
20.3 97 0
19.7 98 5.2
19.2 100 7
105:
19.8 85 0
19.9 87 0
20.1 86 0
19.8 99 7.2
20.3 97 0
19.7 98 5.2
19.2 100 7
18.6 100 9.4
106:
27.7 50 0
28.5 51 0
29.3 46 0
28.7 49 0
24.9 74 3
25.3 68 0
24.3 73 0
21.3 97 9
107:
27.4 51 0
28.2 47 0
29.4 37 0
29.8 37 0
30.3 37 0
29.4 43 0
23.3 69 0
19.3 97 6.4
108:
28.2 47 0
29.4 37 0
29.8 37 0
30.3 37 0
29.4 43 0
23.3 69 0
19.3 97 6.4
19.2 98 6.4
109:
22.5 81 0
22.5 79 0
25 68 0
26.2 61 0
26.6 57 0
27 60 0
23.5 66 0
22 98 29
110:
28.5 54 0
29.1 54 0
30.8 47 0
30.8 46 0
29 51 0
29.3 51 0
28.2 56 0
20.7 98 18
111:
29.1 54 0
30.8 47 0
30.8 46 0
29 51 0
29.3 51 0
28.2 56 0
20.7 98 18
20.2 99 22.4
112:
24.2 77 0
24.7 76 0
26 67 0
27.7 56 0.2
29.1 54 0
23.9 71 0
21.8 82 0.6
21.9 98 6
113:
29.1 54 0
23.9 71 0
21.8 82 0.6
21.9 98 6
21.1 98 0.8
21.2 98 1.2
21.3 99 4.6
21.1 99 9
114:
21.1 92 0
20.6 98 0
20.6 98 0.2
20.5 97 0
20.3 97 0
20.2 99 0.2
19.8 99 1.8
19.7 99 6
115:
28.1 60 0
29.3 54 0
29.4 58 0
30.3 46 0
30.3 45 0
30 47 0
28 57 0
22 83 10.2
116:
29.3 54 0
29.4 58 0
30.3 46 0
30.3 45 0
30 47 0
28 57 0
22 83 10.2
20.6 97 10
117:
22.8 76 0
24.4 70 0
25.3 65 0
26.8 61 0
28.2 52 0
28.7 52 0
27.4 58 0
22.9 77 9.2
118:
18.9 100 0.6
19.4 100 0.2
20.1 98 0.4
20.1 100 2.2
21.3 94 0.4
22.8 77 0
23.6 72 0
19.3 100 49.6
119:
19.4 100 0.2
20.1 98 0.4
20.1 100 2.2
21.3 94 0.4
22.8 77 0
23.6 72 0
19.3 100 49.6
19.6 99 12.4
120:
20.1 98 0.4
20.1 100 2.2
21.3 94 0.4
22.8 77 0
23.6 72 0
19.3 100 49.6
19.6 99 12.4
18.8 99 7.6
121:
19.2 98 0.6
19 98 0.2
19.2 98 0
19.3 99 0
19.1 99 0
18.9 99 0.8
19 99 2.4
18.9 99 6.4
122:
19 96 0
19.4 95 0
20.8 81 0
21.1 76 0
21.3 76 0
22.6 73 0
22.3 74 0
18.9 94 6.4
123:
22.8 70 0
24.8 62 0
25.6 60 0
25.9 55 0
27.6 52 0
26.9 58 0
25.9 62 0
17.9 100 27.4
124:
25.9 66 0
25.4 70 0
23.1 82 0
22.2 86 0
22.1 79 0
21.1 78 0
20.4 98 1.8
18.9 100 17.4
125:
19 100 0
19 98 0
19.5 87 0
20.3 82 0
21.2 75 0
22.9 67 0
21.2 78 0.6
20.5 100 9.8
126:
26.7 62 0
27.8 56 0
28.8 53 0
29.9 49 0
30.8 45 0
28.6 54 0
27.7 55 0
22.8 82 7.2
127:
21.8 79 0
24.3 67 0
25.7 63 0
27 57 0
26.4 57 0
26.3 56 0
21.7 100 4
21.1 100 6.4
128:
25.6 50 0
27.2 45 0
27.8 48 0
28.1 44 0
22.8 58 0
23.2 60 0
22.6 65 0
19.3 84 5.6
129:
23.4 74 0
26 64 0
28.3 56 0.2
30.2 51 0
30 45 0
29.3 52 0
26.2 65 0
18.9 97 5
130:
25.2 38 0
26.4 42 0
27.3 44 0
27.5 41 0
27.5 42 0
27.2 45 0
22 67 0.2
21.6 68 6.8
131:
23.7 72 0
25.5 65 0
26.4 58 0
29.2 49 0
28.5 49 0
29.1 50 0
26.8 60 0
20.2 85 6.2
132:
24.5 51 0
25.8 46 0
27.9 40 0
28.3 38 0
29.9 35 0
30.7 36 0
19.8 76 0
17.7 85 11.6
133:
23 63 0
24.5 57 0
25.1 55 0
26.8 55 0
25.7 51 0
24.2 59 0
21.6 78 1
17.1 86 6.4
134:
26.3 59 0
26.4 55 0
26.4 58 0
26.3 58 0
21.8 76 0
21.8 76 0.2
22.3 71 0
19.4 80 6.2
135:
20.8 69 0
22.6 61 0
23.9 56 0
25.5 46 0
26.5 42 0
26.6 46 0
25.8 45 0
20.6 76 6.2
136:
23.4 75 0
24.4 72 0
25.9 61 0
27.2 60 0
27.8 55 0
28 56 0
26.7 62 0
22.9 85 6.4
137:
25.3 64 0
28.5 50 0
29.9 45 0
31.4 38 0
31.2 40 0
30.7 38 0
28.8 48 0
21.7 73 6.2
138:
25.8 53 0
26.6 51 0
27.3 51 0
27.1 52 0
25.9 57 0
26.7 57 0
25.6 60 0
22.1 92 5.6
139:
20.6 82 0
22.2 75 0
24 67 0
25.5 61 0
26.7 58 0
26.3 58 0
20.9 86 0.6
24 71 5.6
140:
22.1 86 0
24.2 67 0
26.1 57 0
27.8 51 0
29.1 48 0
28.2 48 0
27.7 50 0
19.9 85 31.2
141:
31.7 31 0
32.3 29 0
33.7 29 0
32.3 28 0
33.4 25 0
33.2 25 0
22.6 77 0
19.9 87 7.2
